u[0] = 0
u[1] = 2.31747e-49
u[2] = 6.2488e-48
u[3] = 1.64488e-46
u[4] = 4.23062e-45
u[5] = 1.0627e-43
u[6] = 2.60588e-42
u[7] = 6.23486e-41
u[8] = 1.45481e-39
u[9] = 3.30875e-38
u[10] = 7.33092e-37
u[11] = 1.58138e-35
u[12] = 3.3192e-34
u[13] = 6.77439e-33
u[14] = 1.34354e-31
u[15] = 2.58742e-30
u[16] = 4.83495e-29
u[17] = 8.75946e-28
u[18] = 1.5373e-26
u[19] = 2.61124e-25
u[20] = 4.28872e-24
u[21] = 6.80397e-23
u[22] = 1.04156e-21
u[23] = 1.53669e-20
u[24] = 2.18243e-19
u[25] = 2.97963e-18
u[26] = 3.90515e-17
u[27] = 4.90564e-16
u[28] = 5.89674e-15
u[29] = 6.77018e-14
u[30] = 7.40977e-13
u[31] = 7.71418e-12
u[32] = 7.62127e-11
u[33] = 7.12665e-10
u[34] = 6.28941e-09
u[35] = 5.22161e-08
u[36] = 4.06357e-07
u[37] = 2.95228e-06
u[38] = 1.99324e-05
u[39] = 0.000124404
u[40] = 0.000713426
u[41] = 0.00373293
u[42] = 0.0176743
u[43] = 0.0749813
u[44] = 0.281672
u[45] = 0.923523
u[46] = 2.59616
u[47] = 6.12026
u[48] = 11.771
u[49] = 17.8695
u[50] = 20.6813
u[51] = 17.8695
u[52] = 11.771
u[53] = 6.12026
u[54] = 2.59616
u[55] = 0.923523
u[56] = 0.281672
u[57] = 0.0749813
u[58] = 0.0176743
u[59] = 0.00373293
u[60] = 0.000713426
u[61] = 0.000124404
u[62] = 1.99324e-05
u[63] = 2.95228e-06
u[64] = 4.06357e-07
u[65] = 5.22161e-08
u[66] = 6.28941e-09
u[67] = 7.12665e-10
u[68] = 7.62127e-11
u[69] = 7.71418e-12
u[70] = 7.40977e-13
u[71] = 6.77018e-14
u[72] = 5.89674e-15
u[73] = 4.90564e-16
u[74] = 3.90515e-17
u[75] = 2.97963e-18
u[76] = 2.18243e-19
u[77] = 1.53669e-20
u[78] = 1.04156e-21
u[79] = 6.80397e-23
u[80] = 4.28872e-24
u[81] = 2.61124e-25
u[82] = 1.5373e-26
u[83] = 8.75946e-28
u[84] = 4.83495e-29
u[85] = 2.58742e-30
u[86] = 1.34354e-31
u[87] = 6.77439e-33
u[88] = 3.3192e-34
u[89] = 1.58138e-35
u[90] = 7.33092e-37
u[91] = 3.30875e-38
u[92] = 1.45481e-39
u[93] = 6.23486e-41
u[94] = 2.60588e-42
u[95] = 1.0627e-43
u[96] = 4.23062e-45
u[97] = 1.64488e-46
u[98] = 6.24038e-48
u[99] = 0
